20220317134637_8_camera_capture.png 1 550 943 90 39
20220317134835_16_camera_capture.png 1 328 852 159 51
20220317134845_17_camera_capture.png 1 327 854 156 49
20220317134856_18_camera_capture.png 1 388 858 149 46
20220317134944_31_camera_capture.png 1 430 839 167 47
20220317134952_32_camera_capture.png 1 328 834 190 53
20220317134957_33_camera_capture.png 1 338 838 181 49
20220317135001_34_camera_capture.png 1 507 830 110 28
20220317135059_30_camera_capture.png 1 548 990 164 25
20220317135109_31_camera_capture.png 1 547 994 167 21
20220317135140_34_camera_capture.png 1 549 852 83 22
20220317135241_40_camera_capture.png 1 479 868 180 52
20220317135250_52_camera_capture.png 1 445 904 168 44
20220317135252_41_camera_capture.png 1 383 876 201 65
20220317135301_53_camera_capture.png 1 445 904 169 45
20220317135302_42_camera_capture.png 1 398 879 188 54
20220317135311_54_camera_capture.png 1 446 905 166 42
20220317135312_43_camera_capture.png 1 405 883 182 53
20220317135317_55_camera_capture.png 1 454 901 154 41
20220317135343_46_camera_capture.png 1 475 862 150 46
20220317135353_47_camera_capture.png 1 481 842 134 41
20220317135404_48_camera_capture.png 1 511 840 96 29
20220317135424_64_camera_capture.png 1 445 903 174 46
20220317135424_65_camera_capture.png 1 445 902 171 46
20220317135434_66_camera_capture.png 1 445 904 172 43
20220317135445_67_camera_capture.png 1 444 902 167 47
20220317135455_68_camera_capture.png 1 319 907 186 46
20220317135505_69_camera_capture.png 1 319 909 189 47
20220317135516_70_camera_capture.png 1 319 906 192 54
20220317135526_71_camera_capture.png 1 323 907 183 50
20220317135532_72_camera_capture.png 1 328 909 177 47
20220317135553_59_camera_capture.png 1 524 839 84 26
20220317135603_61_camera_capture.png 1 548 842 83 26
20220317135701_82_camera_capture.png 1 442 955 191 50
20220317135712_83_camera_capture.png 1 437 960 185 55
20220317135741_88_camera_capture.png 1 233 928 166 48
20220317135751_89_camera_capture.png 1 230 928 171 47
20220317135802_90_camera_capture.png 1 229 927 171 48
20220317135812_91_camera_capture.png 1 231 933 170 41
20220317135822_92_camera_capture.png 1 241 929 160 44
20220317135832_93_camera_capture.png 1 241 930 157 46
20220317135843_94_camera_capture.png 1 242 926 158 52
20220317135853_95_camera_capture.png 1 237 928 163 48
20220317135903_96_camera_capture.png 1 240 930 160 46
20220317140009_85_camera_capture.png 1 363 885 150 45
20220317140019_86_camera_capture.png 1 340 896 165 45
20220317140030_87_camera_capture.png 1 421 858 103 34
20220317140050_89_camera_capture.png 1 434 870 116 38
20220317140053_107_camera_capture.png 1 315 863 160 51
20220317140100_90_camera_capture.png 1 438 873 113 33
20220317140103_108_camera_capture.png 1 164 865 174 51
20220317140111_91_camera_capture.png 1 438 871 115 35
20220317140113_109_camera_capture.png 1 185 868 159 46
20220317140121_92_camera_capture.png 1 433 871 119 36
20220317140131_93_camera_capture.png 1 435 869 119 37
20220317140141_94_camera_capture.png 1 439 874 111 33
20220317140152_95_camera_capture.png 1 435 876 115 34
20220317140202_96_camera_capture.png 1 373 882 124 38
20220317140212_97_camera_capture.png 1 412 859 102 28
20220317140223_118_camera_capture.png 1 423 832 95 27
20220317140233_99_camera_capture.png 1 357 894 139 40
20220317140243_100_camera_capture.png 1 370 808 136 35
20220317140253_101_camera_capture.png 1 365 884 133 39
20220317140254_121_camera_capture.png 1 572 850 108 33
20220317140303_102_camera_capture.png 1 367 882 131 42
20220317140314_103_camera_capture.png 1 329 888 137 39
20220317140324_104_camera_capture.png 1 331 889 139 42
20220317140334_105_camera_capture.png 1 330 887 136 43
20220317140344_106_camera_capture.png 1 331 888 134 40
20220317140355_107_camera_capture.png 1 385 897 140 42
20220317140405_108_camera_capture.png 1 385 901 143 42
20220317140415_109_camera_capture.png 1 554 863 104 28
20220317140419_110_camera_capture.png 1 554 851 80 24
20220317140427_111_camera_capture.png 1 596 845 77 22
20220317140437_131_camera_capture.png 1 429 940 176 48
20220317140442_132_camera_capture.png 1 352 946 191 54
20220317140452_133_camera_capture.png 1 372 925 161 42
20220317140503_134_camera_capture.png 1 386 926 168 49
20220317140513_135_camera_capture.png 1 441 888 98 29
20220317140548_139_camera_capture.png 1 392 871 100 30
20220317140550_140_camera_capture.png 1 368 884 118 31
20220317140611_142_camera_capture.png 1 529 860 117 35
20220317140611_143_camera_capture.png 1 533 863 112 32
20220317140618_122_camera_capture.png 1 458 807 102 26
20220317140634_124_camera_capture.png 1 264 784 159 43
20220317140654_126_camera_capture.png 1 463 789 82 22
20220317140713_149_camera_capture.png 1 381 918 153 45
20220317140713_150_camera_capture.png 1 378 918 152 44
20220317140738_131_camera_capture.png 1 484 779 98 29
